-8 0 -6 427
-8 -8 1 254
-5 0 7 0
3 -7 1 118
-8 -3 -3 93
-1 -2 -3 208
6 1 -3 1
1 -7 5 161
8 3 -3 160
1 -2 -2 248
5 6 -1 217
-4 4 1 434
1 8 -7 173
5 2 -1 3
-5 -4 3 262
3 4 -8 181
4 -4 -3 74
5 -2 3 328
-6 -1 0 66
1 -7 7 68
0 5 0 359
-3 -1 -7 73
-3 -6 -8 38
6 -2 5 0
-7 -3 -1 197
-4 -2 -2 49
8 -7 2 0
2 1 8 154
7 8 0 56
-7 1 -8 184
-7 -1 7 202
-7 4 3 53
8 6 0 66
0 -7 -4 195
0 2 8 48
3 -3 3 197
7 -8 3 317
8 4 0 33
-5 2 -7 184
1 0 5 328
7 -7 0 102
0 -4 -1 357
-6 0 -4 7
-6 5 1 83
0 -1 8 22
-8 -8 1 4
1 -1 5 59
8 6 1 131
7 2 -2 259
-7 3 -1 29
